--- !ruby/object:Stock
sym: ABC
p_cum: 7.69
cps: 69.0
liquid: 'yes'
amount_spent: 7690.0
amount_of_shares: 1000
franked: 'yes'
dividends: 690.0
dividends_with_franking: 985.7142857142857
yield: 8.972691807542262
hypo_price: 7.1035
