--- !ruby/object:Stock
sym: DOW
p_cum: 3.17
cps: 12.0
liquid: 'yes'
amount_spent: 3994.2
amount_of_shares: 1260
franked: 'yes'
dividends: 151.2
dividends_with_franking: 216.0
time: Tue Feb 16 07:06:47 2016
p_ex: 3.13
profit: 100.7999999999999
profit_with_franking: 165.5999999999999
